-3.6541730783510173 1.2809898512253142
-3.5562871708812036 -0.20143320575593293
-4.787684768069404 -1.465817061605632
-3.3666196511158817 -2.6055802606904086
-4.932859107469647 0.6808018496560475
-3.708335231048876 1.1787406049695592
-3.867869479377988 0.6094431179221562
-4.535520772462044 4.8049662777925715
-4.260619000025235 2.144859263265486
-4.983373585101431 2.125996300906402
-4.184480044162703 -4.752449034112718
-4.4034049487289515 -3.84091093697727
-4.065324587728506 4.876241049116841
-4.801955305021969 -0.8936327709699254
-4.760640212273095 -2.2066792726118543
-3.608564458143997 -2.0106522332727037
-3.7433381571776794 -4.646874686039302
-4.071509567619106 1.8719218770790436
-4.082584514745972 1.8851567897460155
-3.8965081297311337 0.8747255503903419
-1.637185601914529 -2.3308528932555497
-1.5667402899308023 4.224858175695179
-1.2703960807750563 2.6961074120607424
-0.7746413505007992 4.438425966537833
-1.2918278650774124 2.4192878774081885
-1.5583491240029308 -2.6006070110466126
-1.7324203589718028 -0.47877030852909375
-2.068266006137737 3.5767495594961076
-1.4621869105246843 -3.6421423479857475
-0.72524004698336 3.913015042451116
-1.5676785011698375 1.1878322737158218
-1.5380561848303806 -4.979388793642318
-1.1501384070129201 -2.4448622829669664
-2.190916667856036 2.238658846545258
-1.786158698126152 0.2651563923853253
-1.8580552754704933 -4.168737892638092
-1.6436267051687472 3.279240168966414
-1.8858955697936894 -4.8506350418193325
-0.7779748365392452 4.550056454542519
-1.9476834866060897 -2.068222012034976
0.6638853728851553 0.3297518986140364
0.7564859899213844 -2.9130128063641347
1.3987288483159759 -3.1947545490288167
1.2098653362137737 -4.72412309973357
0.6454206593615711 0.04972137782057384
1.1801562988287198 -1.593489727014986
2.0912488536098337 -3.773333665772758
1.5471260108209641 2.755627813536771
0.9479559680882357 2.7425539553639977
1.5437995587365507 -3.1524582876486296
1.3061791277842612 -2.3834493060617676
1.612940375224286 -1.5503850538634492
1.1071425193654933 -1.2796230644505249
1.9250387441925743 -0.9154628020796327
0.8237759139329281 -3.261270178662079
1.7783999058383844 3.313116271856021
1.0466226156841907 -4.289564994731711
1.1061545770634233 -2.2926747305557074
0.8251732722467623 2.8327585239045394
1.3713299207794922 4.911863015610255
3.9337306010279693 4.846083914103122
3.6839622766469557 1.4834910687473695
4.212571880032566 1.7634146214213704
3.6902697307905186 4.300940732188485
3.7800329087006808 -0.03106261469634397
3.9964676516092075 -0.7458158386006808
4.219188592548582 -4.2178620138989285
3.9322376071577576 -2.349607102967016
4.147384231050669 -2.5312629751410185
4.99781254810072 0.31491070860686854
3.5446442854208837 -1.6230308476339603
3.374123755982414 -3.280907256352844
4.181288359147921 -3.6124977818524586
3.4074651373062443 -3.3671259710841985
4.779244339650921 -4.812447225463518
4.675332868203222 4.778443904079065
4.165573674172496 1.0145259815949723
3.4318317110315713 4.752426285464615
4.519496341591424 4.461766032524341
4.141520440561733 -2.9125285107392065
