-3.6447104987712481972 2.2030260353525239481
-0.31600003676905075167 4.2844033679239625911
3.0937570710048181155 -0.67002912843790873865
-0.32012086242415715986 3.1833063604283857728
4.5609471760791802097 4.8762830784555450947
-4.6293573413672168826 1.9788013204714811621
1.638979352778581422 -0.4381990022384076866
-4.9480220857179393334 4.2103727099441243809
0.93520616437740855531 0.96354928605999212721
-4.1951911675742010743 4.1312643330580165468
1.1215785131811291109 2.8585419970490981711
2.4002268931977379651 -2.8516850664143884586
0.98156084951481936685 2.1091790445584814861
-3.1668200356674205409 3.9294303063245497043
2.1109041531541405945 -1.3609592732325612729
-3.243723723117351021 -4.9011093107927754531
1.8141450179262044173 -3.6976190000665418722
-3.1220711576717055102 1.465930713345886538
-3.0077237753372090268 -2.0125624130279211599
1.4637134931017836692 -2.3562502584209390477
4.3765172160570102733 3.9404603200334733515
-2.5650753478753793857 2.1643242550999950424
0.36350100975661270297 0.57014750109522172039
-3.7278719881080233378 0.99324462167982208172
-4.6065818836963616789 3.823015591577791028
-0.28086068684654375005 -4.4043430935313905294
-3.6164016514153720649 -2.118231275366626587
-4.9105728950933311694 -1.8770398209973970793
-0.75879452606486275101 4.1299272443930483689
-4.029198924573404561 4.1793394157783936294
4.9973032552436116305 2.9504227325318694852
2.8085355025416713914 -0.61308497041355014545
4.1581875041167783991 0.69558836108236743456
-1.162042974330330658 4.6981806716146792269
4.1387931289643518085 2.3807667770155624964
1.734894260047592951 2.485869627830399331
-4.2543002942537775368 3.9502460180836642678
-4.7536095528955408795 -0.19177893332143458593
-3.3962484681551918797 4.4859205055427757713
-0.20126700642842543232 -3.029136502347515858
1.2833680514521557114 3.5964977630404764142
-0.6136405086268048592 1.5927335670323916617
-0.96783403586176675049 3.0641359533703447227
1.3609457106583464636 -2.7177803644401130612
-3.9778193874603751112 2.5670308019448340175
-1.7746837144797948937 1.9864650949256059675
-4.7402132799448146727 -4.3228256593765639337
0.48940638356740251425 0.75800823538854533723
-3.3640662034737660591 -3.2148590938279517637
-3.7244055960655852999 -2.0509606661354617962
1.9776619429349597823 4.2363222570955620938
4.9538496745550411049 0.73949124971156798836
4.1429148479672637251 0.86684948815628271035
-1.6650858624810043196 -1.9532823426769674313
2.4270322370734476181 -4.9315485560466116866
-4.9661387549039694989 -1.2863384140270914813
2.6581621332624294496 2.0592872810348801238
-3.3291058708087306606 3.091426442575713196
2.6921262771418383863 -2.7789272645340701295
0.29932469936107963804 -0.83927044992822974478
4.018485266273994938 -0.34149880445492364345
0.74907261937949343178 -2.3507050227670660547
-3.3996476444111740634 -3.7819303876570593559
-3.1028737597390083636 -1.5812828085814651935
3.5667399679122411271 4.3971419087000747083
0.50446095953201020023 -3.1835267406517271382
-2.3067923252105049237 -0.89602995415741926166
0.95541892770006775493 1.6082438227499951111
-4.097611342134895196 4.412086695244379797
-4.5695722421483759845 -4.1471012849957853419
-2.3682359837144479897 2.6197067309256354406
1.2868191257187451271 -1.0299710587012262941
3.0904283860189973865 -3.9011899956014834956
-0.14546783412254349344 -3.698279102857924272
-0.33305853551763053844 -3.8422536271521856577
-3.3626378603490039154 4.3011923897045658549
-4.8374940877982668397 3.5584031191316469744
-3.6527382992799499739 -0.44682921973618849876
-2.6942068573689401667 3.8717088252583486963
-3.0295010271121416423 3.5531961539221601498
-1.8329152716198828799 2.9570163012286752036
3.4780126147772811862 -2.9109712586946407953
2.3551896915913408392 3.8858448501221936056
-4.7202374021500057566 4.1332646594277235863
1.8893603227840607417 2.4678937654890642506
3.3695307778780403396 2.2732706467294674368
1.0032396282950077904 0.58994921138458700227
-4.1003634781959483746 1.0216054587438616608
-4.6588773788479338478 2.8794290634122141626
0.51239454953982210839 3.4760142728615601726
-2.1161757384900892198 4.2183988414357767027
-1.6760789535068445488 -2.0459799099106006359
0.62943580448596314625 3.3920168029058430648
-3.720879939975040962 -3.4863675186302822695
2.7049309739401721231 3.7013340243003600705
2.9833113303227944968 0.20779741042796917583
-3.831848020520018494 -3.4310420959718550549
-1.7398255261150974427 4.3841242891164018403
-4.1159333238930235765 4.2683305209566011484
-4.5676354918901500568 -2.3948167303173217846
